   2.0939548353364225e+02	   1.3342059991327963e+02	
   2.0948008617326710e+02	   1.3042059991327963e+02	
   2.0967575484889340e+02	   1.3042059991327963e+02	
   2.1037467103504204e+02	   1.2242059991327963e+02	
   2.1037467103504204e+02	   1.2642059991327963e+02	
   2.1065729760398713e+02	   1.2242059991327963e+02	
   2.1114118234637812e+02	   1.2542059991327963e+02	
   2.1156130396710117e+02	   1.3142059991327963e+02	
   2.1432822553470393e+02	   1.2842059991327963e+02	
   2.1610677205736587e+02	   1.2742059991327963e+02	
   2.1918407808200814e+02	   1.2842059991327963e+02	
   2.1924262424314992e+02	   1.3242059991327963e+02	
   2.2423841977935783e+02	   1.3242059991327963e+02	
   2.2457209111513725e+02	   1.2442059991327963e+02	
   2.2771099512454842e+02	   1.3142059991327963e+02	
   2.2971042674343144e+02	   1.0942059991327963e+02	
   2.3487792785722351e+02	   1.2342059991327963e+02	
   2.3487792785722351e+02	   1.2942059991327963e+02	
   2.3635541440099146e+02	   1.2942059991327963e+02	
   2.4102075402387334e+02	   1.3042059991327963e+02	
   2.4222621747640625e+02	   1.2942059991327963e+02	
   2.4503753051409851e+02	   1.3142059991327963e+02	
   2.4841608963977774e+02	   1.3142059991327963e+02	
   2.5063673820407485e+02	   1.3142059991327963e+02	
   2.5489584759822176e+02	   1.3142059991327963e+02	
   2.5646113149787305e+02	   1.3142059991327963e+02	
   2.6096682537955553e+02	   1.2742059991327963e+02	
   2.6501847764672647e+02	   1.3442059991327963e+02	
   2.6837495117623303e+02	   1.2942059991327963e+02	
   2.7283236914967489e+02	   1.3142059991327963e+02	
   2.7784704105019733e+02	   1.2942059991327963e+02	
   2.8108926161306249e+02	   1.3342059991327963e+02	
   2.8497664715844741e+02	   1.2442059991327963e+02	
   2.9180190434145635e+02	   1.2442059991327963e+02	
   2.9212556875912173e+02	   1.3342059991327963e+02	
   3.0212099209301391e+02	   1.2942059991327963e+02	
   3.0329709041607845e+02	   1.2942059991327963e+02	
   3.1123568454865227e+02	   1.3142059991327963e+02	
   3.1213093148456187e+02	   1.3542059991327963e+02	
   3.2099425466786545e+02	   1.2942059991327963e+02	
   3.2183992949917990e+02	   1.2942059991327963e+02	
   3.3204287857840916e+02	   1.3142059991327963e+02	
   3.3247307768995012e+02	   1.2542059991327963e+02	
   3.4113396671197432e+02	   1.3342059991327963e+02	
   3.4152509983152305e+02	   1.2842059991327963e+02	
   3.5082890763185270e+02	   1.2842059991327963e+02	
   3.5138281686836496e+02	   1.3342059991327963e+02	
   3.6050147847891060e+02	   1.2842059991327963e+02	
   3.6166942160782685e+02	   1.2942059991327963e+02	
   3.7050314466472378e+02	   1.2742059991327963e+02	
   3.7212109554205244e+02	   1.2942059991327963e+02	
   3.8123029912447760e+02	   1.2942059991327963e+02	
   3.9123218709547064e+02	   1.3042059991327963e+02	
   3.9209544615888677e+02	   1.1042059991327963e+02	
   3.9243355105069162e+02	   1.1842059991327963e+02	
   3.9253456640138506e+02	   1.2242059991327963e+02	
   3.9404031923779331e+02	   1.2442059991327963e+02	
   3.9458080454724819e+02	   1.2342059991327963e+02	
   3.9472725817448560e+02	   1.1442059991327963e+02	
   3.9624279546682931e+02	   1.2642059991327963e+02	
   3.9653475053968344e+02	   1.1042059991327963e+02	
   3.9782564972976877e+02	   1.2142059991327963e+02	
   3.9809994031243019e+02	   1.2342059991327963e+02	
   3.9873031975020206e+02	   1.1942059991327963e+02	
   3.9883923126348100e+02	   1.2642059991327963e+02	
   3.9951317025165588e+02	   1.2442059991327963e+02	
   3.9951353119922527e+02	   1.2342059991327963e+02	
   3.9998398601860691e+02	   1.2542059991327963e+02	
   4.0002618750028319e+02	   1.2542059991327963e+02	
   4.0064306466428758e+02	   1.2142059991327963e+02	
   4.0072326474057991e+02	   1.0942059991327963e+02	
   4.0122472762842727e+02	   1.1842059991327963e+02	
   4.0124939124369445e+02	   1.3142059991327963e+02	
   4.0173766805170590e+02	   1.1942059991327963e+02	
   4.0179593696833109e+02	   1.3242059991327963e+02	
   4.0189750320949730e+02	   1.3042059991327963e+02	
   4.0202357022821423e+02	   1.2642059991327963e+02	
   4.0291280880425330e+02	   1.2342059991327963e+02	
   4.0302933385192972e+02	   1.2442059991327963e+02	
   4.0353638463386443e+02	   1.2642059991327963e+02	
   4.0488314141420932e+02	   1.3342059991327963e+02	
   4.0502714932702793e+02	   1.1942059991327963e+02	
   4.0506195014019715e+02	   1.2642059991327963e+02	
   4.0538430519633135e+02	   1.3042059991327963e+02	
   4.0568874292672172e+02	   1.2542059991327963e+02	
   4.0608727683166273e+02	   1.3442059991327963e+02	
   4.0610974765934594e+02	   1.2042059991327963e+02	
   4.0732077830014418e+02	   1.2242059991327963e+02	
   4.0775310593805392e+02	   1.2942059991327963e+02	
   4.0812099395902641e+02	   1.2742059991327963e+02	
   4.0820622709303012e+02	   1.1942059991327963e+02	
   4.0831642967460203e+02	   1.3142059991327963e+02	
   4.0863351560561239e+02	   1.2242059991327963e+02	
   4.0873072570418356e+02	   1.3442059991327963e+02	
   4.0882832052517449e+02	   1.2242059991327963e+02	
   4.0914210201563282e+02	   1.3442059991327963e+02	
   4.0917496694056916e+02	   1.2142059991327963e+02	
   4.0964529376469147e+02	   1.2642059991327963e+02	
   4.1010548855114314e+02	   1.2642059991327963e+02	
   4.1032138446008935e+02	   1.2142059991327963e+02	
   4.1046426389912892e+02	   1.2542059991327963e+02	
   4.1053869259488727e+02	   1.2642059991327963e+02	
   4.1087492455425235e+02	   1.2242059991327963e+02	
   4.1093032966970833e+02	   1.2142059991327963e+02	
   4.1100768912173959e+02	   1.1942059991327963e+02	
   4.1107831419354358e+02	   1.2342059991327963e+02	
   4.1134793074010895e+02	   1.3342059991327963e+02	
   4.1150667229327291e+02	   1.2842059991327963e+02	
   4.1176701254175828e+02	   1.2042059991327963e+02	
   4.1184051645758416e+02	   1.2642059991327963e+02	
   4.1197076027091663e+02	   1.2342059991327963e+02	
   4.1199626813819219e+02	   1.2542059991327963e+02	
   4.1242156399525226e+02	   1.2342059991327963e+02	
   4.1243963615535711e+02	   1.3042059991327963e+02	
   4.1267258031351713e+02	   1.3142059991327963e+02	
   4.1273507033757153e+02	   1.2642059991327963e+02	
   4.1352692297785995e+02	   1.2342059991327963e+02	
   4.1363898723183593e+02	   1.3342059991327963e+02	
   4.1422255987359790e+02	   1.2742059991327963e+02	
   4.1473114869072862e+02	   1.2342059991327963e+02	
   4.1503914287926341e+02	   1.3042059991327963e+02	
   4.1625274285159622e+02	   1.2742059991327963e+02	
   4.1632811751888835e+02	   1.2742059991327963e+02	
   4.1682080724274670e+02	   1.3242059991327963e+02	
   4.1701671517321665e+02	   1.2842059991327963e+02	
   4.1853809686758717e+02	   1.3142059991327963e+02	
   4.1874742831042363e+02	   1.2942059991327963e+02	
   4.1889368399939451e+02	   1.2842059991327963e+02	
   4.1975444198557722e+02	   1.2842059991327963e+02	
   4.1995228641468066e+02	   1.3042059991327963e+02	
   4.2002958280764875e+02	   1.2642059991327963e+02	
   4.2037643670783888e+02	   1.3742059991327963e+02	
   4.2184091318702713e+02	   1.2642059991327963e+02	
   4.2236499619636498e+02	   1.3242059991327963e+02	
   4.2239867795717771e+02	   1.3042059991327963e+02	
   4.2296265382291710e+02	   1.2842059991327963e+02	
   4.2329013498251356e+02	   1.2342059991327963e+02	
   4.2415364717840225e+02	   1.2942059991327963e+02	
   4.2491935390316462e+02	   1.2942059991327963e+02	
   4.2589941691120998e+02	   1.3042059991327963e+02	
   4.2647677942203734e+02	   1.3042059991327963e+02	
   4.2686845721657284e+02	   1.3542059991327963e+02	
   4.2789093393771384e+02	   1.2842059991327963e+02	
   4.2830675976580750e+02	   1.3442059991327963e+02	
   4.2933487981162040e+02	   1.3242059991327963e+02	
   4.2953218274239526e+02	   1.2442059991327963e+02	
   4.3047000531525970e+02	   1.3142059991327963e+02	
   4.3085021914349079e+02	   1.3042059991327963e+02	
   4.3096810975398023e+02	   1.3242059991327963e+02	
   4.3104017938065795e+02	   1.3342059991327963e+02	
   4.3361949631041540e+02	   1.3242059991327963e+02	
   4.3467952640036998e+02	   1.2942059991327963e+02	
   4.3498746460164324e+02	   1.2842059991327963e+02	
   4.3587469995176627e+02	   1.3442059991327963e+02	
   4.3615577921328475e+02	   1.3042059991327963e+02	
   4.3618273453180467e+02	   1.2642059991327963e+02	
   4.3690816673026484e+02	   1.3442059991327963e+02	
   4.3816369388746040e+02	   1.2942059991327963e+02	
   4.3989076295834263e+02	   1.3442059991327963e+02	
   4.4019626364255862e+02	   1.2742059991327963e+02	
   4.4043789644741514e+02	   1.2442059991327963e+02	
   4.4102817759710962e+02	   1.3242059991327963e+02	
   4.4166115792051755e+02	   1.3442059991327963e+02	
   4.4297486545336750e+02	   1.3042059991327963e+02	
   4.4317508464305484e+02	   1.2942059991327963e+02	
   4.4334832948060557e+02	   1.3542059991327963e+02	
   4.4403883661555028e+02	   1.2642059991327963e+02	
   4.4409717686258932e+02	   1.2742059991327963e+02	
   4.4438556892137098e+02	   1.2442059991327963e+02	
   4.4447180672230019e+02	   1.3242059991327963e+02	
   4.4543975665221666e+02	   1.2642059991327963e+02	
   4.4677877603223692e+02	   1.3242059991327963e+02	
   4.4785897627397878e+02	   1.2242059991327963e+02	
   4.4812754099142478e+02	   1.2442059991327963e+02	
   4.5001722589839477e+02	   1.2842059991327963e+02	
   4.5029098837056080e+02	   1.2442059991327963e+02	
   4.5055344261291270e+02	   1.2542059991327963e+02	
   4.5067589828410388e+02	   1.3142059991327963e+02	
   4.5089026809717024e+02	   1.2642059991327963e+02	
   4.5113078795322139e+02	   1.3342059991327963e+02	
   4.5179580640387633e+02	   1.3342059991327963e+02	
   4.5401049205254208e+02	   1.2442059991327963e+02	
   4.5499848955830726e+02	   1.2942059991327963e+02	
   4.5517658013590182e+02	   1.3342059991327963e+02	
   4.5692614355833939e+02	   1.2442059991327963e+02	
   4.5856831764112212e+02	   1.3242059991327963e+02	
   4.5883410054441265e+02	   1.2642059991327963e+02	
   4.5911929172409123e+02	   1.3142059991327963e+02	
   4.5914410392180031e+02	   1.2742059991327963e+02	
   4.5951663606548891e+02	   1.3442059991327963e+02	
   4.5987667658132949e+02	   1.2442059991327963e+02	
   4.6307113572033978e+02	   1.3142059991327963e+02	
   4.6332803323230621e+02	   1.3142059991327963e+02	
   4.6417056506149964e+02	   1.2542059991327963e+02	
   4.6446913837714271e+02	   1.2742059991327963e+02	
   4.6690339684436049e+02	   1.2642059991327963e+02	
   4.6712707653704013e+02	   1.3842059991327963e+02	
   4.6953084668054021e+02	   1.2042059991327963e+02	
   4.7061995394026712e+02	   1.2942059991327963e+02	
   4.7070178742598364e+02	   1.3742059991327963e+02	
   4.7112307125275845e+02	   1.3642059991327963e+02	
   4.7117083711155914e+02	   1.3742059991327963e+02	
   4.7122157227279445e+02	   1.2542059991327963e+02	
   4.7142133250645151e+02	   1.3742059991327963e+02	
   4.7172668453599397e+02	   1.3642059991327963e+02	
   4.7192553389528138e+02	   1.3542059991327963e+02	
   4.7212385089504210e+02	   1.3742059991327963e+02	
   4.7241228477493325e+02	   1.2442059991327963e+02	
   4.7426865307203332e+02	   1.2442059991327963e+02	
   4.7444819159558966e+02	   1.3042059991327963e+02	
   4.7475952258276658e+02	   1.2742059991327963e+02	
   4.7484496070371443e+02	   1.3642059991327963e+02	
   4.7526925657721034e+02	   1.1442059991327963e+02	
   4.7530670777419795e+02	   1.2042059991327963e+02	
   4.7599435609157405e+02	   1.2042059991327963e+02	
   4.7604261766225608e+02	   1.3042059991327963e+02	
   4.7618781780642280e+02	   1.2442059991327963e+02	
   4.7621701149800015e+02	   1.1642059991327963e+02	
   4.7639534278381842e+02	   1.2442059991327963e+02	
   4.7668979474629060e+02	   1.1442059991327963e+02	
   4.7709157597480089e+02	   1.2242059991327963e+02	
   4.7724795792585030e+02	   1.2742059991327963e+02	
   4.7762936255578762e+02	   1.0642059991327963e+02	
   4.7776512000845219e+02	   1.2942059991327963e+02	
   4.7776827033835218e+02	   1.3042059991327963e+02	
   4.7799622740475866e+02	   1.3042059991327963e+02	
   4.7814390674086405e+02	   1.2642059991327963e+02	
   4.7830460830263996e+02	   1.3042059991327963e+02	
   4.7911165300644217e+02	   1.3542059991327963e+02	
   4.7920246533394544e+02	   1.3142059991327963e+02	
   4.7921677780309568e+02	   1.2842059991327963e+02	
   4.7922911514698490e+02	   1.3542059991327963e+02	
   4.7967958681622810e+02	   1.2242059991327963e+02	
   4.7990685197402468e+02	   1.3142059991327963e+02	
   4.8001813009522863e+02	   1.3142059991327963e+02	
   4.8014073900128432e+02	   1.3142059991327963e+02	
   4.8029443931720743e+02	   1.1342059991327963e+02	
   4.8031444235883038e+02	   1.2742059991327963e+02	
   4.8046959713934621e+02	   1.2442059991327963e+02	
   4.8074619055316913e+02	   1.3542059991327963e+02	
   4.8095343518702720e+02	   1.1842059991327963e+02	
   4.8098028779501868e+02	   1.3142059991327963e+02	
   4.8099938165449510e+02	   1.3842059991327963e+02	
   4.8119334092931661e+02	   1.2942059991327963e+02	
   4.8144347013608609e+02	   1.2242059991327963e+02	
   4.8155746256736973e+02	   1.2542059991327963e+02	
   4.8173198341923927e+02	   1.1042059991327963e+02	
   4.8187587135289522e+02	   1.2142059991327963e+02	
   4.8188842116201226e+02	   1.2642059991327963e+02	
   4.8212514172949739e+02	   1.3142059991327963e+02	
   4.8231863894907559e+02	   1.3042059991327963e+02	
   4.8252762703974531e+02	   1.3942059991327963e+02	
   4.8277804504057826e+02	   1.3442059991327963e+02	
   4.8326766584279670e+02	   1.2042059991327963e+02	
   4.8346750077469125e+02	   1.3042059991327963e+02	
   4.8427422328778249e+02	   1.1542059991327963e+02	
   4.8456334817329673e+02	   1.3942059991327963e+02	
   4.8478942073463855e+02	   1.2942059991327963e+02	
   4.8491454048020847e+02	   1.3242059991327963e+02	
   4.8526571078443044e+02	   1.3242059991327963e+02	
   4.8567037193770562e+02	   1.3442059991327963e+02	
   4.8581332529991334e+02	   1.2642059991327963e+02	
   4.8598862671739988e+02	   1.3242059991327963e+02	
   4.8652968500781662e+02	   1.3542059991327963e+02	
   4.8676949017539823e+02	   1.3242059991327963e+02	
   4.8679029173434026e+02	   1.2442059991327963e+02	
   4.8740383881841205e+02	   1.4142059991327963e+02	
   4.8748244806857497e+02	   1.3242059991327963e+02	
   4.8763702253878898e+02	   1.2842059991327963e+02	
   4.8797341587619644e+02	   1.3142059991327963e+02	
   4.8817226606452209e+02	   1.2442059991327963e+02	
   4.8888404469639249e+02	   1.2442059991327963e+02	
   4.8889634086882182e+02	   1.3042059991327963e+02	
   4.8920199585157047e+02	   1.2742059991327963e+02	
   4.8947741100822782e+02	   1.1642059991327963e+02	
   4.8976931613089880e+02	   1.3242059991327963e+02	
   4.8984346117891198e+02	   1.2942059991327963e+02	
   4.9032570510917907e+02	   1.2242059991327963e+02	
   4.9116054267549367e+02	   1.3142059991327963e+02	
   4.9127455526540092e+02	   1.3042059991327963e+02	
   4.9133228537624956e+02	   1.3842059991327963e+02	
   4.9156145121600269e+02	   1.3642059991327963e+02	
   4.9172313809729411e+02	   1.2242059991327963e+02	
   4.9288452019671564e+02	   1.3142059991327963e+02	
   4.9290642591129284e+02	   1.3542059991327963e+02	
   4.9292385104744778e+02	   1.3542059991327963e+02	
   4.9310488608583807e+02	   1.3342059991327963e+02	
   4.9316155213221282e+02	   1.2242059991327963e+02	
   4.9330455446005578e+02	   1.2642059991327963e+02	
   4.9340321213028301e+02	   1.3142059991327963e+02	
   4.9372812871056641e+02	   1.3542059991327963e+02	
   4.9403623074216171e+02	   1.3142059991327963e+02	
   4.9412221171560208e+02	   1.3742059991327963e+02	
   4.9436991051768570e+02	   1.1642059991327963e+02	
   4.9476557719735541e+02	   1.3742059991327963e+02	
   4.9492206538198849e+02	   1.3242059991327963e+02	
   4.9515187234458239e+02	   1.3242059991327963e+02	
   4.9540822541959108e+02	   1.3942059991327963e+02	
   4.9590193289444716e+02	   1.2742059991327963e+02	
   4.9616910611265450e+02	   1.3042059991327963e+02	
   4.9654590562941615e+02	   1.3342059991327963e+02	
   4.9655542563844341e+02	   1.3042059991327963e+02	
   4.9665652250030809e+02	   1.2742059991327963e+02	
   4.9666611297472684e+02	   1.2742059991327963e+02	
   4.9705485671917626e+02	   1.2242059991327963e+02	
   4.9722375690289124e+02	   1.3842059991327963e+02	
   4.9793001782946192e+02	   1.2742059991327963e+02	
   4.9874958814459984e+02	   1.2042059991327963e+02	
   4.9883547037410966e+02	   1.3042059991327963e+02	
   4.9905800332725329e+02	   1.3042059991327963e+02	
   4.9940142097086363e+02	   1.3342059991327963e+02	
   4.9988949891537504e+02	   1.2242059991327963e+02	
   5.0018629202622333e+02	   1.3042059991327963e+02	
   5.0048615957349165e+02	   1.3642059991327963e+02	
   5.0087771451289848e+02	   1.2342059991327963e+02	
   5.0151884736800832e+02	   1.1742059991327963e+02	
   5.0168355893462518e+02	   1.3042059991327963e+02	
   5.0172878361146070e+02	   1.4042059991327963e+02	
   5.0180688201481735e+02	   1.3242059991327963e+02	
   5.0233607900164270e+02	   1.3742059991327963e+02	
   5.0268441989524467e+02	   1.3242059991327963e+02	
   5.0341657091574791e+02	   1.3142059991327963e+02	
   5.0353567501748000e+02	   1.2642059991327963e+02	
   5.0368619082106289e+02	   1.2942059991327963e+02	
   5.0440676570565523e+02	   1.2742059991327963e+02	
   5.0453450531575419e+02	   1.3342059991327963e+02	
   5.0459487112590932e+02	   1.3042059991327963e+02	
   5.0535182708243269e+02	   1.2742059991327963e+02	
   5.0555078556953538e+02	   1.3442059991327963e+02	
   5.0630353543421433e+02	   1.3242059991327963e+02	
   5.0634666542771566e+02	   1.3342059991327963e+02	
   5.0741772033682355e+02	   1.4042059991327963e+02	
   5.0788257652608672e+02	   1.2742059991327963e+02	
   5.0790437659980370e+02	   1.3942059991327963e+02	
   5.0791149225362511e+02	   1.3642059991327963e+02	
   5.0803235441787774e+02	   1.3242059991327963e+02	
   5.0815019927566425e+02	   1.3142059991327963e+02	
   5.0815042097952409e+02	   1.2942059991327963e+02	
   5.0898572629982954e+02	   1.1242059991327963e+02	
   5.0947867730907814e+02	   1.3342059991327963e+02	
   5.0962644752556139e+02	   1.3642059991327963e+02	
   5.1020447900174463e+02	   1.3542059991327963e+02	
   5.1048494701301905e+02	   1.3342059991327963e+02	
   5.1091123024072789e+02	   1.3242059991327963e+02	
   5.1107262380861278e+02	   1.3942059991327963e+02	
   5.1126345943898082e+02	   1.3942059991327963e+02	
   5.1169488895281893e+02	   1.2742059991327963e+02	
   5.1283951317429819e+02	   1.3042059991327963e+02	
   5.1288524782120135e+02	   1.3042059991327963e+02	
   5.1346861525299869e+02	   1.3042059991327963e+02	
   5.1360455972050636e+02	   1.3942059991327963e+02	
   5.1370362593246102e+02	   1.3942059991327963e+02	
   5.1377144000365308e+02	   1.3342059991327963e+02	
   5.1472517809975113e+02	   1.2642059991327963e+02	
   5.1512582917516352e+02	   1.3642059991327963e+02	
   5.1522850375623057e+02	   1.3642059991327963e+02	
   5.1544628492753759e+02	   1.1242059991327963e+02	
   5.1599795556045854e+02	   1.3342059991327963e+02	
   5.1657314948826479e+02	   1.3342059991327963e+02	
   5.1713436256124885e+02	   1.3942059991327963e+02	
   5.1766127043414167e+02	   1.3342059991327963e+02	
   5.1822467908108206e+02	   1.2042059991327963e+02	
   5.1839783483072063e+02	   1.3042059991327963e+02	
   5.1843115345985268e+02	   1.3942059991327963e+02	
   5.1887349806841507e+02	   1.2142059991327963e+02	
   5.1902073804641509e+02	   1.4242059991327963e+02	
   5.1965398597955482e+02	   1.3342059991327963e+02	
   5.1977278525837210e+02	   1.3942059991327963e+02	
   5.1994612747217491e+02	   1.3242059991327963e+02	
   5.2090998873548801e+02	   1.3342059991327963e+02	
   5.2117737223694439e+02	   1.2842059991327963e+02	
   5.2137195977481144e+02	   1.3542059991327963e+02	
   5.2176909614484407e+02	   1.1242059991327963e+02	
   5.2204309213314980e+02	   1.3142059991327963e+02	
   5.2211364657716149e+02	   1.3542059991327963e+02	
   5.2215432282817358e+02	   1.3442059991327963e+02	
   5.2221000264098211e+02	   1.3942059991327963e+02	
   5.2266406512026776e+02	   1.3642059991327963e+02	
   5.2378499431279749e+02	   1.2642059991327963e+02	
   5.2473331950628858e+02	   1.3542059991327963e+02	
   5.2496581106144833e+02	   1.2542059991327963e+02	
   5.2588868262914286e+02	   1.3142059991327963e+02	
   5.2600939782481021e+02	   1.3542059991327963e+02	
   5.2636090689042510e+02	   1.3842059991327963e+02	
   5.2641507171034391e+02	   1.3242059991327963e+02	
   5.2669708902094158e+02	   1.3642059991327963e+02	
   5.2708256133109535e+02	   1.3942059991327963e+02	
   5.2743330392152541e+02	   1.3542059991327963e+02	
   5.2767229196597361e+02	   1.3642059991327963e+02	
   5.2824054078687811e+02	   1.3842059991327963e+02	
   5.2897044172399160e+02	   1.3242059991327963e+02	
   5.2916797143636290e+02	   1.1342059991327963e+02	
   5.2927060394232308e+02	   1.3342059991327963e+02	
   5.2928392861477437e+02	   1.3542059991327963e+02	
   5.2929308966462190e+02	   1.4042059991327963e+02	
   5.2996590823066595e+02	   1.3542059991327963e+02	
   5.3113641990623546e+02	   1.3242059991327963e+02	
   5.3177237505750497e+02	   1.2842059991327963e+02	
   5.3177495121374977e+02	   1.3942059991327963e+02	
   5.3191393498742661e+02	   1.3442059991327963e+02	
   5.3199014331118804e+02	   1.2542059991327963e+02	
   5.3210214871584071e+02	   1.3542059991327963e+02	
   5.3225619386069809e+02	   1.3842059991327963e+02	
   5.3389268542538764e+02	   1.3542059991327963e+02	
   5.3404510869464900e+02	   1.2842059991327963e+02	
   5.3413004040935334e+02	   1.3442059991327963e+02	
   5.3423889795483399e+02	   1.2642059991327963e+02	
   5.3455798662545806e+02	   1.1242059991327963e+02	
   5.3504162793884780e+02	   1.3642059991327963e+02	
   5.3541826475462074e+02	   1.3742059991327963e+02	
   5.3666505789034534e+02	   1.3542059991327963e+02	
   5.3676582035640558e+02	   1.3942059991327963e+02	
   5.3744442687469154e+02	   1.3342059991327963e+02	
   5.3753310541854921e+02	   1.3942059991327963e+02	
   5.3818944356089889e+02	   1.4142059991327963e+02	
   5.3829869405726561e+02	   1.3642059991327963e+02	
   5.3843085509166951e+02	   1.3442059991327963e+02	
   5.3845508402516123e+02	   1.4042059991327963e+02	
   5.3864783050344329e+02	   1.2942059991327963e+02	
   5.3878682287978756e+02	   1.3642059991327963e+02	
   5.3945749079375935e+02	   1.3742059991327963e+02	
   5.3953044528526777e+02	   1.2542059991327963e+02	
   5.3987312588616612e+02	   1.3242059991327963e+02	
   5.4067047463686117e+02	   1.3842059991327963e+02	
   5.4079798967097065e+02	   1.3642059991327963e+02	
   5.4154846153782080e+02	   1.3542059991327963e+02	
   5.4172658169941030e+02	   1.1042059991327963e+02	
   5.4197755109770389e+02	   1.3742059991327963e+02	
   5.4220512526627761e+02	   1.3142059991327963e+02	
   5.4301205407690327e+02	   1.3742059991327963e+02	
   5.4343915878562098e+02	   1.4042059991327963e+02	
   5.4380649090994109e+02	   1.3842059991327963e+02	
   5.4413577882528921e+02	   1.4042059991327963e+02	
   5.4422485750652402e+02	   1.3242059991327963e+02	
   5.4471393007937763e+02	   1.3742059991327963e+02	
   5.4476654308362060e+02	   1.3642059991327963e+02	
   5.4488189337529536e+02	   1.4042059991327963e+02	
   5.4588112522052882e+02	   1.3742059991327963e+02	
   5.4639743339953850e+02	   1.3042059991327963e+02	
   5.4681618286753701e+02	   1.4042059991327963e+02	
   5.4719458118551688e+02	   1.3742059991327963e+02	
   5.4749257139607448e+02	   1.2442059991327963e+02	
   5.4766871719688743e+02	   1.3042059991327963e+02	
   5.4827907783580167e+02	   1.3242059991327963e+02	
   5.4843015678208917e+02	   1.3842059991327963e+02	
   5.4853523170949472e+02	   1.4042059991327963e+02	
   5.4926805206474967e+02	   1.0942059991327963e+02	
   5.4951595443430710e+02	   1.3542059991327963e+02	
   5.4958975479456217e+02	   1.3742059991327963e+02	
   5.4974857235738159e+02	   1.4042059991327963e+02	
   5.4974962978493568e+02	   1.3842059991327963e+02	
   5.5020104755024670e+02	   1.3342059991327963e+02	
   5.5085628907466185e+02	   1.3542059991327963e+02	
   5.5094113210908540e+02	   1.3642059991327963e+02	
   5.5152599068991390e+02	   1.3142059991327963e+02	
   5.5156654040128899e+02	   1.3242059991327963e+02	
   5.5210291646979761e+02	   1.3842059991327963e+02	
   5.5219079151300616e+02	   1.3542059991327963e+02	
   5.5342838740628167e+02	   1.3942059991327963e+02	
   5.5371455897689316e+02	   1.3742059991327963e+02	
   5.5454485984823077e+02	   1.3642059991327963e+02	
   5.5459638583689696e+02	   1.2942059991327963e+02	
   5.5464614397321520e+02	   1.3842059991327963e+02	
   5.5510690967797802e+02	   1.4042059991327963e+02	
   5.5550035502283845e+02	   1.3542059991327963e+02	
   5.5572719199843959e+02	   1.3642059991327963e+02	
   5.5638849569467766e+02	   1.3842059991327963e+02	
   5.5659870562312517e+02	   1.1442059991327963e+02	
   5.5679782126178986e+02	   1.3742059991327963e+02	
   5.5704467013929741e+02	   1.4342059991327963e+02	
   5.5788911833159125e+02	   1.4042059991327963e+02	
   5.5816796509394783e+02	   1.3542059991327963e+02	
   5.5852623976206223e+02	   1.4042059991327963e+02	
   5.5864512959657748e+02	   1.3142059991327963e+02	
   5.5921518625650788e+02	   1.3742059991327963e+02	
   5.5950302114624287e+02	   1.3042059991327963e+02	
   5.6022270945005550e+02	   1.3742059991327963e+02	
   5.6091821676386348e+02	   1.3642059991327963e+02	
   5.6102567582070492e+02	   1.3642059991327963e+02	
   5.6106667144472306e+02	   1.4042059991327963e+02	
   5.6117781202661752e+02	   1.3742059991327963e+02	
   5.6159135814805006e+02	   1.2342059991327963e+02	
   5.6173725235199504e+02	   1.3942059991327963e+02	
   5.6208238069676702e+02	   1.3542059991327963e+02	
   5.6220978442452770e+02	   1.2942059991327963e+02	
   5.6230044770333825e+02	   1.4042059991327963e+02	
   5.6233594121624412e+02	   1.3642059991327963e+02	
   5.6269806499611866e+02	   1.3742059991327963e+02	
   5.6273504693497114e+02	   1.3742059991327963e+02	
   5.6352647688300692e+02	   1.4342059991327963e+02	
   5.6363365453448000e+02	   1.1942059991327963e+02	
   5.6386103171165416e+02	   1.3842059991327963e+02	
   5.6456355896676075e+02	   1.3142059991327963e+02	
   5.6560507351274453e+02	   1.3642059991327963e+02	
   5.6596665026843914e+02	   1.4342059991327963e+02	
   5.6645088893918910e+02	   1.3642059991327963e+02	
   5.6655048205730156e+02	   1.3842059991327963e+02	
   5.6692452376719234e+02	   1.4042059991327963e+02	
   5.6842206635376670e+02	   1.3642059991327963e+02	
   5.6886201769086074e+02	   1.3642059991327963e+02	
   5.6888609915534528e+02	   1.3942059991327963e+02	
   5.6891067862524312e+02	   1.3842059991327963e+02	
   5.6917946262273063e+02	   1.3842059991327963e+02	
   5.6937542125354230e+02	   1.3942059991327963e+02	
   5.6945712529923685e+02	   1.4342059991327963e+02	
   5.6961162184894351e+02	   1.2942059991327963e+02	
   5.6975524880039120e+02	   1.3742059991327963e+02	
   5.6994534043019621e+02	   1.3742059991327963e+02	
   5.7058529287958834e+02	   1.3642059991327963e+02	
   5.7153035589550007e+02	   1.1942059991327963e+02	
   5.7179991024505500e+02	   1.3742059991327963e+02	
   5.7218740595852080e+02	   1.3942059991327963e+02	
   5.7233589020138561e+02	   1.4142059991327963e+02	
   5.7255254696803240e+02	   1.3842059991327963e+02	
   5.7374192703884921e+02	   1.3142059991327963e+02	
   5.7413587467997320e+02	   1.4342059991327963e+02	
   5.7481402249506334e+02	   1.3842059991327963e+02	
   5.7495553473746691e+02	   1.3642059991327963e+02	
   5.7503923577154285e+02	   1.1442059991327963e+02	
   5.7537716843614999e+02	   1.3642059991327963e+02	
   5.7565322729052320e+02	   1.3942059991327963e+02	
   5.7644543305374725e+02	   1.4142059991327963e+02	
   5.7703442223341995e+02	   1.3742059991327963e+02	
   5.7734329154732484e+02	   1.4042059991327963e+02	
   5.7745135404517453e+02	   1.3942059991327963e+02	
   5.7757950278578505e+02	   1.3242059991327963e+02	
   5.7777019458784821e+02	   1.4042059991327963e+02	
   5.7782694142619380e+02	   1.3942059991327963e+02	
   5.7873984942252537e+02	   1.4042059991327963e+02	
   5.7880241832053105e+02	   1.2442059991327963e+02	
   5.7884752664250141e+02	   1.3642059991327963e+02	
   5.7935621945281002e+02	   1.1442059991327963e+02	
   5.7952202720273806e+02	   1.1342059991327963e+02	
   5.8043075522083473e+02	   1.3842059991327963e+02	
   5.8069960811992678e+02	   1.3842059991327963e+02	
   5.8121486750750876e+02	   1.3542059991327963e+02	
   5.8142114723020597e+02	   1.3442059991327963e+02	
   5.8164972137646771e+02	   1.3442059991327963e+02	
   5.8182848392351900e+02	   1.4342059991327963e+02	
   5.8225423456795590e+02	   1.3342059991327963e+02	
   5.8263828884165798e+02	   1.3242059991327963e+02	
   5.8318087480018448e+02	   1.4242059991327963e+02	
   5.8341879312796368e+02	   1.1542059991327963e+02	
   5.8404982336219791e+02	   1.4142059991327963e+02	
   5.8432749954159522e+02	   1.4142059991327963e+02	
   5.8454267974304344e+02	   1.4042059991327963e+02	
   5.8472382554329363e+02	   1.3242059991327963e+02	
   5.8481936676775501e+02	   1.3942059991327963e+02	
   5.8497277957554365e+02	   1.3242059991327963e+02	
   5.8536776028571478e+02	   1.4042059991327963e+02	
   5.8610580371028288e+02	   1.3542059991327963e+02	
   5.8645756098843606e+02	   1.3642059991327963e+02	
   5.8741119551163729e+02	   1.3442059991327963e+02	
   5.8764362056280970e+02	   1.3342059991327963e+02	
   5.8792572362096109e+02	   1.3442059991327963e+02	
   5.8819540274822862e+02	   1.3542059991327963e+02	
   5.8915995400398288e+02	   1.3242059991327963e+02	
   5.8939672033482543e+02	   1.3142059991327963e+02	
   5.8973993564542820e+02	   1.2742059991327963e+02	
   5.9046894254261520e+02	   1.2042059991327963e+02	
   5.9066489528417617e+02	   1.4142059991327963e+02	
   5.9093276004922188e+02	   1.2742059991327963e+02	
   5.9145134090144757e+02	   1.2742059991327963e+02	
   5.9154690777533153e+02	   1.4042059991327963e+02	
   5.9363085109327062e+02	   1.3642059991327963e+02	
   5.9435639727442003e+02	   1.4142059991327963e+02	
   5.9567034524592248e+02	   1.4142059991327963e+02	
   5.9673263915584971e+02	   1.3242059991327963e+02	
   5.9761109537254117e+02	   1.4542059991327963e+02	
   5.9767778839397261e+02	   1.4142059991327963e+02	
   5.9790941814347184e+02	   1.4142059991327963e+02	
   5.9808699771435977e+02	   1.3942059991327963e+02	
   6.0156832353939512e+02	   1.3742059991327963e+02	
   6.0168935862289482e+02	   1.4042059991327963e+02	
   6.0201969740898210e+02	   1.3842059991327963e+02	
   6.0251667223457218e+02	   1.3242059991327963e+02	
   6.0323671535581491e+02	   1.4142059991327963e+02	
   6.0368290785567399e+02	   1.4142059991327963e+02	
   6.0677755910422093e+02	   1.4342059991327963e+02	
   6.0950810994687833e+02	   1.3242059991327963e+02	
   6.0997586063582219e+02	   1.4142059991327963e+02	
   6.1134087686696046e+02	   1.3842059991327963e+02	
   6.1166638633965943e+02	   1.4142059991327963e+02	
   6.1180328570185054e+02	   1.4342059991327963e+02	
   6.1641923240777442e+02	   1.3342059991327963e+02	
   6.1693459987672577e+02	   1.4342059991327963e+02	
   6.1718913596057928e+02	   1.4042059991327963e+02	
   6.1759223239543758e+02	   1.4142059991327963e+02	
   6.1914742354237592e+02	   1.2842059991327963e+02	
   6.1928312029717210e+02	   1.4142059991327963e+02	
   6.2047356230458786e+02	   1.3142059991327963e+02	
   6.2195638734712952e+02	   1.4342059991327963e+02	
   6.2413327775340917e+02	   1.3442059991327963e+02	
   6.2519096842105603e+02	   1.3942059991327963e+02	
   6.2523020735800299e+02	   1.4142059991327963e+02	
   6.2608512593397006e+02	   1.3342059991327963e+02	
   6.2734923650267217e+02	   1.4342059991327963e+02	
   6.3119052084826069e+02	   1.4242059991327963e+02	
   6.3171805594333648e+02	   1.3642059991327963e+02	
   6.3178424414389883e+02	   1.3442059991327963e+02	
   6.3218598948505496e+02	   1.4342059991327963e+02	
   6.3334260288289704e+02	   1.3342059991327963e+02	
   6.3591454658614930e+02	   1.3942059991327963e+02	
   6.3681343266286819e+02	   1.3642059991327963e+02	
   6.3951835781822069e+02	   1.4342059991327963e+02	
   6.4056465160816958e+02	   1.3242059991327963e+02	
   6.4094353468900590e+02	   1.2642059991327963e+02	
   6.4246395201605583e+02	   1.4242059991327963e+02	
   6.4580356633233828e+02	   1.4342059991327963e+02	
   6.4659933865116784e+02	   1.4242059991327963e+02	
   6.4822878856202635e+02	   1.3342059991327963e+02	
   6.4861957730433653e+02	   1.3242059991327963e+02	
   6.5052635279513629e+02	   1.4142059991327963e+02	
   6.5306980315019484e+02	   1.4342059991327963e+02	
   6.5335512892550264e+02	   1.4242059991327963e+02	
   6.5413390260389144e+02	   1.3542059991327963e+02	
   6.5656670078849641e+02	   1.3242059991327963e+02	
   6.6066776008715215e+02	   1.4242059991327963e+02	
   6.6076475313010587e+02	   1.4442059991327963e+02	
   6.6102064112294909e+02	   1.3842059991327963e+02	
   6.6357654546726974e+02	   1.3642059991327963e+02	
   6.6774917462267990e+02	   1.4342059991327963e+02	
   6.6821359177629915e+02	   1.4042059991327963e+02	
   6.6934379449766755e+02	   1.4442059991327963e+02	
   6.7096300118487898e+02	   1.3542059991327963e+02	
   6.7153314321619882e+02	   1.4642059991327963e+02	
   6.7347093048076272e+02	   1.4442059991327963e+02	
   6.7537889791650980e+02	   1.4442059991327963e+02	
   6.7538985380451220e+02	   1.3542059991327963e+02	
   6.7697479682330629e+02	   1.4442059991327963e+02	
   6.7960305542709364e+02	   1.3742059991327963e+02	
   6.8235990159911876e+02	   1.4442059991327963e+02	
   6.8312416595271088e+02	   1.3542059991327963e+02	
   6.8605538131808498e+02	   1.4442059991327963e+02	
   6.8619942655845193e+02	   1.4042059991327963e+02	
   6.8947824069504475e+02	   1.4442059991327963e+02	
   6.9053459241991220e+02	   1.3342059991327963e+02	
   6.9184515782524613e+02	   1.4142059991327963e+02	
   6.9295602815196594e+02	   1.4642059991327963e+02	
   6.9481505052526666e+02	   1.3842059991327963e+02	
   6.9625187703614802e+02	   1.4442059991327963e+02	
   6.9737669667756336e+02	   1.4442059991327963e+02	
   6.9764040730097861e+02	   1.3242059991327963e+02	
   7.0185559881435381e+02	   1.3542059991327963e+02	
   7.0468282785923054e+02	   1.4442059991327963e+02	
   7.0477878275258888e+02	   1.2942059991327963e+02	
   7.0571024615280157e+02	   1.4442059991327963e+02	
   7.0670689030343010e+02	   1.4442059991327963e+02	
   7.0902685205120588e+02	   1.3942059991327963e+02	
   7.0904738699067013e+02	   1.3542059991327963e+02	
   7.1148475460630891e+02	   1.4442059991327963e+02	
   7.1247339069916313e+02	   1.3142059991327963e+02	
   7.1284910092745201e+02	   1.4142059991327963e+02	
   7.1743901783849174e+02	   1.3342059991327963e+02	
   7.1753748724180207e+02	   1.4142059991327963e+02	
   7.1969737501959150e+02	   1.4142059991327963e+02	
   7.2070752852328815e+02	   1.3942059991327963e+02	
   7.2409328169399475e+02	   1.4342059991327963e+02	
   7.2630728580158961e+02	   1.4642059991327963e+02	
   7.2660320379516781e+02	   1.3842059991327963e+02	
   7.2698011006539537e+02	   1.3242059991327963e+02	
   7.2774565340035008e+02	   1.3942059991327963e+02	
   7.2782646966479490e+02	   1.4942059991327963e+02	
   7.2966333790382691e+02	   1.4342059991327963e+02	
   7.3332574772468922e+02	   1.4742059991327963e+02	
   7.3383854855805316e+02	   1.3942059991327963e+02	
   7.3612816616049543e+02	   1.3042059991327963e+02	
   7.4097459879132384e+02	   1.4742059991327963e+02	
   7.4162500228217846e+02	   1.4042059991327963e+02	
   7.4428281906254369e+02	   1.3042059991327963e+02	
   7.4441455610374715e+02	   1.3842059991327963e+02	
   7.4514594463796209e+02	   1.4442059991327963e+02	
   7.4754147899345776e+02	   1.4742059991327963e+02	
   7.4828707708267405e+02	   1.3642059991327963e+02	
   7.5412281689915380e+02	   1.4742059991327963e+02	
   7.5546710846634357e+02	   1.4242059991327963e+02	
   7.6066252173040925e+02	   1.4742059991327963e+02	
   7.6204403466771782e+02	   1.4642059991327963e+02	
   7.6397241506677597e+02	   1.4042059991327963e+02	
   7.6726092930200730e+02	   1.4742059991327963e+02	
   7.7160615151708271e+02	   1.3842059991327963e+02	
   7.7358908815922462e+02	   1.4742059991327963e+02	
   7.7441944070152545e+02	   1.4142059991327963e+02	
   7.7919187301588636e+02	   1.4842059991327963e+02	
   7.7963167833332784e+02	   1.4142059991327963e+02	
   7.8025288495309212e+02	   1.4742059991327963e+02	
   7.8202724566219740e+02	   1.4042059991327963e+02	
   7.8714243695244659e+02	   1.4742059991327963e+02	
   7.8749571910046234e+02	   1.4142059991327963e+02	
   7.8888866096736842e+02	   1.4042059991327963e+02	
   7.9403755009787528e+02	   1.4842059991327963e+02	
   7.9430953490017112e+02	   1.4142059991327963e+02	
   7.9470612997020521e+02	   1.4142059991327963e+02	
   7.9475643109693294e+02	   1.4742059991327963e+02	
   7.9983132259383149e+02	   1.4142059991327963e+02	
   7.9983132259383149e+02	   1.4542059991327963e+02	
   8.0071769457170660e+02	   1.4842059991327963e+02	
   8.0225272867000149e+02	   1.4342059991327963e+02	
   8.0755005813788591e+02	   1.4842059991327963e+02	
   8.0973939823984870e+02	   1.4242059991327963e+02	
   8.1033556703664090e+02	   1.4842059991327963e+02	
   8.1559594144443872e+02	   1.4842059991327963e+02	
   8.1608320960471713e+02	   1.4542059991327963e+02	
   8.2176907569957984e+02	   1.4842059991327963e+02	
   8.2302298719887699e+02	   1.4842059991327963e+02	
   8.3062495784379655e+02	   1.4942059991327963e+02	
   8.3068486681692593e+02	   1.5042059991327963e+02	
   8.3811800733781695e+02	   1.4942059991327963e+02	
   8.4621188055798768e+02	   1.4942059991327963e+02	
   8.4621188055798768e+02	   1.5442059991327963e+02	
   8.6714342437002006e+02	   1.4942059991327963e+02	
